20 20 10 10
0.0 0.083 0.186 0.277 0.315 0.493 0.535 0.686 0.792 0.849 0.921 1.062 1.127 1.29 1.359 1.463 1.526 1.64 1.726 1.872
0.0 0.011 0.168 0.267 0.329 0.482 0.53 0.662 0.723 0.867 0.935 1.029 1.102 1.222 1.358 1.469 1.567 1.693 1.756 1.811
0.0 0.029 0.173 0.221 0.319 0.484 0.537 0.698 0.724 0.815 0.97 1.013 1.126 1.291 1.38 1.456 1.573 1.662 1.77 1.896
0.0 0.005 0.125 0.284 0.327 0.436 0.505 0.646 0.729 0.813 0.957 1.024 1.195 1.282 1.345 1.414 1.567 1.634 1.764 1.843
0.0 0.087 0.108 0.276 0.378 0.488 0.584 0.603 0.751 0.854 0.999 1.032 1.16 1.276 1.368 1.439 1.512 1.626 1.786 1.894
0.0 0.095 0.17 0.234 0.378 0.467 0.501 0.697 0.702 0.817 0.992 1.052 1.156 1.201 1.38 1.486 1.541 1.665 1.789 1.844
0.0 0.04 0.129 0.231 0.317 0.497 0.571 0.681 0.775 0.809 0.927 1.067 1.156 1.297 1.353 1.486 1.565 1.606 1.783 1.819
0.0 0.028 0.171 0.232 0.329 0.403 0.519 0.67 0.768 0.808 0.915 1.04 1.149 1.296 1.323 1.418 1.545 1.646 1.751 1.821
0.0 0.079 0.188 0.264 0.328 0.441 0.55 0.693 0.7 0.834 0.964 1.024 1.114 1.287 1.356 1.443 1.591 1.627 1.765 1.859
0.0 0.032 0.151 0.237 0.328 0.475 0.507 0.674 0.721 0.858 0.995 1.029 1.137 1.235 1.393 1.418 1.528 1.643 1.711 1.828
0.0 0.076 0.104 0.243 0.363 0.413 0.538 0.606 0.74 0.804 0.918 1.028 1.188 1.269 1.317 1.417 1.596 1.624 1.743 1.87
0.0 0.09 0.199 0.272 0.325 0.444 0.59 0.605 0.739 0.854 0.986 1.069 1.182 1.242 1.364 1.497 1.507 1.655 1.704 1.848
0.0 0.022 0.128 0.299 0.343 0.446 0.568 0.64 0.722 0.811 0.91 1.005 1.101 1.261 1.33 1.478 1.505 1.62 1.736 1.844
0.0 0.022 0.165 0.208 0.316 0.482 0.558 0.624 0.737 0.862 0.924 1 1.136 1.252 1.399 1.479 1.55 1.668 1.771 1.873
0.0 0.081 0.13 0.233 0.394 0.46 0.563 0.699 0.781 0.899 0.996 1.059 1.173 1.213 1.368 1.49 1.595 1.626 1.766 1.884
0.0 0.09 0.184 0.276 0.342 0.436 0.507 0.645 0.756 0.879 0.918 1.087 1.112 1.248 1.372 1.459 1.509 1.636 1.71 1.842
0.0 0.006 0.101 0.213 0.372 0.421 0.555 0.619 0.799 0.821 0.904 1.039 1.111 1.24 1.367 1.405 1.528 1.627 1.75 1.884
0.0 0.02 0.124 0.222 0.369 0.496 0.581 0.63 0.784 0.892 0.972 1.072 1.15 1.225 1.385 1.422 1.599 1.64 1.742 1.898
0.0 0.098 0.19 0.224 0.39 0.409 0.581 0.619 0.736 0.832 0.955 1.094 1.104 1.279 1.369 1.473 1.576 1.65 1.755 1.86
0.0 0.079 0.184 0.293 0.305 0.421 0.567 0.604 0.713 0.861 0.954 1.026 1.159 1.244 1.302 1.402 1.506 1.684 1.721 1.842
