20 20 10 10
0.0 0.083 0.086 0.077 0.015 0.093 0.035 0.086 0.092 0.049 0.021 0.062 0.027 0.09 0.059 0.063 0.026 0.04 0.026 0.072
0.0 0.011 0.068 0.067 0.029 0.082 0.03 0.062 0.023 0.067 0.035 0.029 0.002 0.022 0.058 0.069 0.067 0.093 0.056 0.011
0.0 0.029 0.073 0.021 0.019 0.084 0.037 0.098 0.024 0.015 0.07 0.013 0.026 0.091 0.08 0.056 0.073 0.062 0.07 0.096
0.0 0.005 0.025 0.084 0.027 0.036 0.005 0.046 0.029 0.013 0.057 0.024 0.095 0.082 0.045 0.014 0.067 0.034 0.064 0.043
0.0 0.087 0.008 0.076 0.078 0.088 0.084 0.003 0.051 0.054 0.099 0.032 0.06 0.076 0.068 0.039 0.012 0.026 0.086 0.094
0.0 0.095 0.07 0.034 0.078 0.067 0.001 0.097 0.002 0.017 0.092 0.052 0.056 0.001 0.08 0.086 0.041 0.065 0.089 0.044
0.0 0.04 0.029 0.031 0.017 0.097 0.071 0.081 0.075 0.009 0.027 0.067 0.056 0.097 0.053 0.086 0.065 0.006 0.083 0.019
0.0 0.028 0.071 0.032 0.029 0.003 0.019 0.07 0.068 0.008 0.015 0.04 0.049 0.096 0.023 0.018 0.045 0.046 0.051 0.021
0.0 0.079 0.088 0.064 0.028 0.041 0.05 0.093 0 0.034 0.064 0.024 0.014 0.087 0.056 0.043 0.091 0.027 0.065 0.059
0.0 0.032 0.051 0.037 0.028 0.075 0.007 0.074 0.021 0.058 0.095 0.029 0.037 0.035 0.093 0.018 0.028 0.043 0.011 0.028
0.0 0.076 0.004 0.043 0.063 0.013 0.038 0.006 0.04 0.004 0.018 0.028 0.088 0.069 0.017 0.017 0.096 0.024 0.043 0.07
0.0 0.09 0.099 0.072 0.025 0.044 0.09 0.005 0.039 0.054 0.086 0.069 0.082 0.042 0.064 0.097 0.007 0.055 0.004 0.048
0.0 0.022 0.028 0.099 0.043 0.046 0.068 0.04 0.022 0.011 0.01 0.005 0.001 0.061 0.03 0.078 0.005 0.02 0.036 0.044
0.0 0.022 0.065 0.008 0.016 0.082 0.058 0.024 0.037 0.062 0.024 0 0.036 0.052 0.099 0.079 0.05 0.068 0.071 0.073
0.0 0.081 0.03 0.033 0.094 0.06 0.063 0.099 0.081 0.099 0.096 0.059 0.073 0.013 0.068 0.09 0.095 0.026 0.066 0.084
0.0 0.09 0.084 0.076 0.042 0.036 0.007 0.045 0.056 0.079 0.018 0.087 0.012 0.048 0.072 0.059 0.009 0.036 0.01 0.042
0.0 0.006 0.001 0.013 0.072 0.021 0.055 0.019 0.099 0.021 0.004 0.039 0.011 0.04 0.067 0.005 0.028 0.027 0.05 0.084
0.0 0.02 0.024 0.022 0.069 0.096 0.081 0.03 0.084 0.092 0.072 0.072 0.05 0.025 0.085 0.022 0.099 0.04 0.042 0.098
0.0 0.098 0.09 0.024 0.09 0.009 0.081 0.019 0.036 0.032 0.055 0.094 0.004 0.079 0.069 0.073 0.076 0.05 0.055 0.06
0.0 0.079 0.084 0.093 0.005 0.021 0.067 0.004 0.013 0.061 0.054 0.026 0.059 0.044 0.002 0.002 0.006 0.084 0.021 0.042
